1 0.00810784
2 0.00344179
3 0.00343344
4 0.00343267
5 0.00348118
6 0.00348148
7 0.00347271
8 0.00347182
9 0.00349727
10 0.00350652
11 0.00349214
12 0.00348875
13 0.00349642
14 0.00349807
15 0.0034948
16 0.00348844
17 0.00353884
18 0.00353296
19 0.00352471
20 0.00352153
21 0.00360378
22 0.00360318
23 0.00359514
24 0.0035955
25 0.00362042
26 0.00361912
27 0.00361137
28 0.00361512
29 0.00362234
30 0.00362111
31 0.0036131
32 0.00360337
33 0.00362122
34 0.00361186
35 0.00361444
36 0.00360331
37 0.00358825
38 0.00357241
39 0.00358735
40 0.00358725
41 0.00357142
42 0.00325878
43 0.00326742
44 0.00325846
45 0.00330158
46 0.00326363
47 0.00328248
48 0.00326836
49 0.00328517
50 0.0033027
51 0.00328487
52 0.00327058
53 0.00328481
54 0.00327707
55 0.0032928
56 0.0032761
57 0.0033011
58 0.00328403
59 0.00330023
60 0.00329284
61 0.0033014
62 0.0032919
63 0.00330533
64 0.00328691
65 0.0032859
66 0.00330311
67 0.00327735
68 0.00329304
69 0.00328536
70 0.00329287
71 0.00327086
72 0.00328691
73 0.00327782
74 0.00326829
75 0.003268
76 0.00326857
77 0.00327793
78 0.00326755
79 0.00327383
80 0.00326879
81 0.00328157
82 0.00328724
83 0.0032698
84 0.00328568
85 0.00328728
86 0.00328781
87 0.00328562
88 0.00328788
89 0.00328996
90 0.00329164
91 0.0032934
92 0.00329038
93 0.00306487
94 0.00296098
95 0.00296547
96 0.00296594
97 0.00296574
98 0.00296634
99 0.00296621
100 0.00296503
101 0.00295469
102 0.00297984
103 0.00296599
104 0.00296721
105 0.00296652
106 0.00297368
107 0.00297506
108 0.00296562
109 0.00296105
110 0.00297457
111 0.00298092
112 0.00295775
113 0.00297484
114 0.00298295
115 0.00298265
116 0.00297407
117 0.00298263
118 0.00298239
119 0.00298247
120 0.00297396
121 0.00299044
122 0.00299397
123 0.00299338
124 0.00299147
125 0.00299348
126 0.00299135
127 0.00296768
128 0.0029566
129 0.00336989
130 0.00333595
131 0.00336284
132 0.00338525
133 0.00336803
134 0.00333563
135 0.00336023
136 0.00333559
137 0.00307337
138 0.00303991
139 0.0031139
140 0.00304843
141 0.00312284
142 0.00311191
143 0.00303207
144 0.00333708
145 0.00314827
146 0.00305105
147 0.00299213
148 0.00301704
149 0.0030167
150 0.00306858
151 0.00305769
152 0.00304551
153 0.0031229
154 0.0030818
155 0.0030079
156 0.00300785
157 0.00302585
158 0.00311424
159 0.0031062
160 0.00298361
161 0.0030336
162 0.00302884
163 0.00309533
164 0.0030269
165 0.00302595
166 0.00301746
167 0.00303283
168 0.00301047
169 0.00303073
170 0.00301135
171 0.00300133
172 0.00300047
173 0.00301249
174 0.00301143
175 0.00301572
176 0.00300938
177 0.00301748
178 0.00301789
179 0.00300141
180 0.00300087
181 0.00299254
182 0.0029841
183 0.00300573
184 0.00298789
185 0.00300238
186 0.00299339
187 0.00300928
188 0.00299335
189 0.00300233
190 0.00300199
191 0.00300095
192 0.0029789
193 0.00324075
194 0.00301098
195 0.00325524
196 0.00301114
197 0.00326381
198 0.00300491
199 0.00325523
200 0.00300086
201 0.00320706
202 0.00300049
203 0.00299243
204 0.00301402
205 0.0030462
206 0.00306021
207 0.00299353
208 0.00298618
209 0.00300318
210 0.00299455
211 0.00299612
212 0.0030019
213 0.0030048
214 0.00300265
215 0.00298608
216 0.00300233
217 0.00300184
218 0.00300175
219 0.00298551
220 0.00300177
221 0.0030028
222 0.00300983
223 0.00300099
224 0.00298535
225 0.0030227
226 0.00306274
227 0.00301122
228 0.00301811
229 0.00302121
230 0.0030204
231 0.00301201
232 0.00303753
233 0.00301159
234 0.00302209
235 0.00301929
236 0.00301089
237 0.00300226
238 0.00301846
239 0.00301052
240 0.00300826
241 0.00300812
242 0.00301578
243 0.00300949
244 0.00301025
245 0.00302006
246 0.00302272
247 0.00302833
248 0.00301935
249 0.00303735
250 0.0030281
251 0.00302112
252 0.00302807
253 0.00304703
254 0.00302
255 0.00302184
256 0.00302914
