1 0.000143074
2 0.000264421
3 0.000395287
4 0.000527565
5 0.000659378
6 0.000809852
7 0.000923394
8 0.00105557
9 0.00119058
10 0.00132452
11 0.00145156
12 0.00157274
13 0.00171261
14 0.00184755
15 0.00188999
16 0.00211167
17 0.00179156
18 0.00180512
19 0.00191434
20 0.00200584
21 0.00211452
22 0.00220629
23 0.00224881
24 0.00231696
25 0.0024116
26 0.00252783
27 0.00260288
28 0.00262517
29 0.00269417
30 0.00278497
31 0.00233331
32 0.00236821
33 0.00301966
34 0.00292461
35 0.00300994
36 0.00308457
37 0.00307874
38 0.00316734
39 0.00324772
40 0.00329768
41 0.00332127
42 0.00339354
43 0.00347241
44 0.00347329
45 0.0035411
46 0.00355509
47 0.00364109
48 0.00364917
49 0.00373571
50 0.00378191
51 0.00378254
52 0.0038364
53 0.00391087
54 0.00398423
55 0.00405686
56 0.00413666
57 0.00420442
58 0.00427814
59 0.00435964
60 0.00442663
61 0.0045713
62 0.0045842
63 0.00465121
64 0.00473072
65 0.00479784
66 0.00487374
67 0.00494206
68 0.00501688
69 0.00509283
70 0.00519674
71 0.00525158
72 0.00532077
73 0.00538936
74 0.00546674
75 0.00553228
76 0.00560529
77 0.00567998
78 0.00575337
79 0.0058382
80 0.00593112
81 0.00597737
82 0.00604836
83 0.00612397
84 0.00620351
85 0.00627006
86 0.00635156
87 0.00642894
88 0.00649471
89 0.00656239
90 0.00663832
91 0.0067148
92 0.00678504
93 0.00686061
94 0.00696954
95 0.00701408
96 0.00709609
97 0.00715605
98 0.00722982
99 0.00730636
100 0.00738608
101 0.00746154
102 0.00752629
103 0.00759636
104 0.0076713
105 0.00780386
106 0.00781454
107 0.00793314
108 0.00802449
109 0.00805847
110 0.00811655
111 0.00818184
112 0.00826784
113 0.00860502
114 0.00848748
115 0.00851235
116 0.00856184
117 0.008647
118 0.00872812
119 0.00880187
120 0.00885337
121 0.00892677
122 0.00899882
123 0.00907934
124 0.00918294
125 0.00922659
126 0.00931378
127 0.0093705
128 0.00944226
129 0.00953261
130 0.00966904
131 0.00973343
132 0.00974219
133 0.00981129
134 0.00990264
135 0.00996618
136 0.0100483
137 0.0101076
138 0.0101794
139 0.0102926
140 0.0103361
141 0.0104108
142 0.010486
143 0.0105629
144 0.0106288
145 0.0107119
146 0.0107934
147 0.0108542
148 0.0109279
149 0.0110057
150 0.0110712
151 0.0111507
152 0.0112215
153 0.0113002
154 0.0113726
155 0.0114627
156 0.0117054
157 0.0115936
158 0.0116658
159 0.0117439
160 0.0118096
161 0.0118806
162 0.0119573
163 0.0120404
164 0.0121067
165 0.0121891
166 0.012254
167 0.012683
168 0.012405
169 0.0124756
170 0.0125543
171 0.0126508
172 0.0127112
173 0.0127739
174 0.0128588
175 0.0129818
176 0.013007
177 0.0130755
178 0.0131957
179 0.0132299
180 0.0133101
181 0.0133643
182 0.0134305
183 0.0135423
184 0.0135748
185 0.0136775
186 0.0137555
187 0.0138174
188 0.0138892
189 0.0139585
190 0.0140536
191 0.0141059
192 0.0141878
193 0.0142581
194 0.0143341
195 0.0144429
196 0.0144854
197 0.014585
198 0.0146317
199 0.0146976
200 0.0147698
201 0.014849
202 0.0149386
203 0.0149978
204 0.0150688
205 0.0152552
206 0.0152673
207 0.0153193
208 0.0154065
209 0.0154576
210 0.0156473
211 0.0155887
212 0.0156823
213 0.0157427
214 0.0158085
215 0.0158821
216 0.0159582
217 0.0160279
218 0.0161019
219 0.0159789
220 0.0156695
221 0.0155116
222 0.0150909
223 0.0150238
224 0.0151868
225 0.0152367
226 0.0153041
227 0.0155336
228 0.0155612
229 0.0155729
230 0.015646
231 0.0157129
232 0.0157909
233 0.0158884
234 0.0159495
235 0.0160225
236 0.0163729
237 0.0159715
238 0.0161445
239 0.0162276
240 0.016082
241 0.0160721
242 0.0161404
243 0.0162453
244 0.0162789
245 0.016806
246 0.0168011
247 0.0167385
248 0.0167987
249 0.0168627
250 0.0169206
251 0.0169619
252 0.0170209
253 0.0172145
254 0.0171974
255 0.0172686
256 0.0173323
