0|SHA256|216.247|17.1292|
1|SHA256|216.247|16.4346|
2|SHA256|216.247|16.2503|
3|SHA256|216.247|15.7047|
4|SHA256|216.247|16.8799|
5|SHA256|216.247|16.2413|
6|SHA256|216.247|17.4437|
7|SHA256|216.247|15.849|
8|SHA256|216.247|17.2939|
9|SHA256|216.247|16.6388|
10|SHA256|216.247|16.6634|
11|SHA256|216.247|17.9382|
12|SHA256|216.247|16.614|
13|SHA256|216.247|16.9694|
14|SHA256|216.247|17.0407|
15|SHA256|216.247|16.631|
Average std dev: 16.7326
0|Skein256|216.247|16.3551|
1|Skein256|216.247|16.0403|
2|Skein256|216.247|16.4996|
3|Skein256|216.247|17.1313|
4|Skein256|216.247|16.9478|
5|Skein256|216.247|17.778|
6|Skein256|216.247|17.7999|
7|Skein256|216.247|17.4688|
8|Skein256|216.247|17.8021|
9|Skein256|216.247|16.6261|
10|Skein256|216.247|16.1292|
11|Skein256|216.247|17.3303|
12|Skein256|216.247|15.779|
13|Skein256|216.247|17.3262|
14|Skein256|216.247|18.1833|
15|Skein256|216.247|15.5457|
Average std dev: 16.9214
0|MD5|216.247|15.4132|
1|MD5|216.247|16.2801|
2|MD5|216.247|16.5967|
3|MD5|216.247|17.0151|
4|MD5|216.247|16.3047|
5|MD5|216.247|15.0974|
6|MD5|216.247|16.364|
7|MD5|216.247|16.3356|
8|MD5|216.247|17.0647|
9|MD5|216.247|16.2573|
10|MD5|216.247|16.7215|
11|MD5|216.247|16.9875|
12|MD5|216.247|16.8635|
13|MD5|216.247|16.8493|
14|MD5|216.247|16.1316|
15|MD5|216.247|17.5652|
Average std dev: 16.4905
